Mask 0 0 0 6 55 28 80 0 0 0 0 0 0 0
Mask 0 0 0 47 48 67 77 0 0 0 0 0 0 0
Mask 0 0 0 84 46 105 76 0 0 0 0 0 0 0
Mask 0 0 0 112 62 131 82 0 0 0 0 0 0 0
Mask 0 0 0 128 59 146 88 0 0 0 0 0 0 0
Mask 0 0 0 203 45 221 87 0 0 0 0 0 0 0
Mask 0 0 0 243 66 265 106 0 0 0 0 0 0 0
Mask 0 0 0 257 144 281 187 0 0 0 0 0 0 0
Mask 0 0 0 230 174 255 208 0 0 0 0 0 0 0
Mask 0 0 0 173 166 194 202 0 0 0 0 0 0 0
Mask 0 0 0 147 130 167 173 0 0 0 0 0 0 0
Mask 0 0 0 91 161 118 196 0 0 0 0 0 0 0
Mask 0 0 0 31 133 53 171 0 0 0 0 0 0 0
